37.458999633789062, -122.1781005859375
-34.814998626708984, -58.479198455810547
37.998001098632812, -122.52120208740234
22.283300399780273, 114.15000152587891
-37.816699981689453, 144.96670532226562
30.454900741577148, -97.756500244140625
42.693099975585938, -71.308700561523438
39.013801574707031, -77.398696899414062
37.764499664306641, -122.42939758300781
43.079601287841797, -89.375801086425781
39.703601837158203, -104.77239990234375
39.703601837158203, -104.77239990234375
12.98330020904541, 77.583297729492188
42.332599639892578, -71.128196716308594
39.089801788330078, -77.06109619140625
40.625999450683594, -74.094200134277344
35.678001403808594, -105.95970153808594
45.355201721191406, -122.86150360107422
37.424900054931641, -122.00740051269531
38.833599090576172, -76.877700805664062
37.010101318359375, -122.03240203857422
37.889499664306641, -122.29470062255859
37.010101318359375, -122.03240203857422
37.010101318359375, -122.03240203857422
37.010101318359375, -122.03240203857422
35.450000762939453, 139.64999389648438
35.685001373291016, 139.75140380859375
38.914398193359375, -77.076301574707031


39.996799468994141, -82.988197326660156
40.779598236083984, -96.700103759765625
44.660900115966797, -74.925796508789062
44.660900115966797, -74.925796508789062
37.798900604248047, -122.39839935302734
36.060699462890625, -95.806396484375
36.060699462890625, -95.806396484375
33.940399169921875, -117.39589691162109
37.798900604248047, -122.39839935302734
34.137901306152344, -118.39189910888672
26.37969970703125, -80.170700073242188
37.508098602294922, -122.30100250244141
33.953201293945312, -84.5177001953125
37.596298217773438, -122.06569671630859
37.30419921875, -122.09459686279297
40.655200958251953, -75.381401062011719
40.655200958251953, -75.381401062011719
41.847099304199219, -87.624801635742188
41.847099304199219, -87.624801635742188
-37.686100006103516, 176.16670227050781
42.050201416015625, -70.694999694824219
42.050201416015625, -70.694999694824219
37.809101104736328, -122.27020263671875
37.307300567626953, -121.85679626464844
37.764499664306641, -122.42939758300781
38.874900817871094, -77.032501220703125


40.561000823974609, -105.05359649658203
30.524799346923828, -97.679496765136719
39.847400665283203, -104.94589996337891
39.847400665283203, -104.94589996337891
40.655200958251953, -75.381401062011719

40.731700897216797, -73.988502502441406
40.655200958251953, -75.381401062011719
40.015300750732422, -105.10759735107422
40.655200958251953, -75.381401062011719
38.817699432373047, -77.152702331542969
38.817699432373047, -77.152702331542969
47.476200103759766, -122.15380096435547
40.049598693847656, -105.27690124511719

39.738800048828125, -104.40830230712891
26.37969970703125, -80.170700073242188
37.39739990234375, -122.07319641113281
30.303699493408203, -97.769599914550781

27.980100631713867, -80.654197692871094
42.050201416015625, -70.694999694824219
42.752899169921875, -71.583702087402344
37.653400421142578, -122.42310333251953
37.764499664306641, -122.42939758300781

37.795700073242188, -122.4208984375
